6 42
62 48
78 29 90 56
75 60 41 65
8 96 69 73
68 94 97 32
79 98 45 19
16 99 88 64
43 46 29 65
90 99 14 51
96 2 80 9
59 57 76 5
90 59 11 37
29 80 78 61
12 38 68 77
33 25 56 85
17 74 16 78
35 73 35 79
8 76 91 58
99 59 45 67
3 50 4 45
36 41 6 82
38 63 48 57
69 40 88 96
6 8 39 9
33 90 77 83
65 58 73 33
71 74 22 23
88 43 68 72
23 66 12 29
44 52 90 66
64 86 78 89
21 77 49 57
10 16 51 99
97 4 71 86
46 17 43 11
65 30 11 50
84 56 33 71
65 33 43 21
21 69 36 25
85 22 10 55
5 77 50 39
20 66 28 38
65 48 14 15
76 82 41 66
59 41 6 7
94 44 43 89
34 29 66 53
91 71 95 57
9 94 82 10
74 26 76 67
10 57 40 61
68 66 65 60
23 47 51 60
27 85 98 87
24 89 23 69
95 90 1 74
89 78 10 34
72 55 18 27
5 43 96 11
35 89 69 44
74 11 99 14
48 80 18 67
43 43 25 45
95917.1094001315
87024.98963532418