13 7
7 59
11 16 2 1
10 17 2 1
17 5 3 2
1 10 4 2
11 17 1 2
12 9 2 2
11 10 4 1
8 11 4 1
15 14 1 1
1 5 2 1
2 10 2 1
19 16 4 1
8 7 3 3
8 14 4 1
18 14 3 1
15 5 3 4
1 5 3 2
9 10 1 4
13 4 4 4
17 11 2 2
13 4 3 4
17 14 4 2
1 15 4 3
13 9 4 4
13 12 2 2
5 13 1 2
4 12 3 1
13 18 4 1
11 9 1 2
6 5 3 1
18 11 1 3
11 11 3 3
17 3 3 1
16 15 2 3
7 4 3 2
9 18 4 1
12 14 3 1
8 3 4 1
10 10 1 4
12 4 3 3
5 17 4 1
13 16 4 1
12 13 4 1
5 13 2 4
11 11 2 2
7 6 3 3
11 10 1 4
12 16 4 1
13 4 2 3
12 8 3 2
19 4 2 2
18 12 1 4
13 18 1 2
19 4 2 4
15 2 1 2
7 11 2 1
1 1 4 4
14 5 4 2
19 5 2 3
302.4679385933824
293.70411545869104
168.86380334671796
108.25817119274835