7 5
70 65
8 17 1 2
2 17 1 3
7 7 3 2
8 8 4 3
13 16 2 3
4 19 4 1
16 9 2 1
17 4 2 4
17 6 3 4
1 18 1 2
16 16 4 4
18 2 2 4
14 13 2 1
3 8 1 1
10 8 1 2
13 5 2 3
6 6 2 3
1 6 3 3
9 4 3 4
12 13 2 1
11 4 2 1
3 7 4 4
2 13 3 1
17 16 2 4
7 16 4 1
15 13 4 2
18 19 3 2
2 16 1 4
15 16 1 1
14 1 3 3
5 6 4 4
17 18 3 2
17 8 1 4
13 7 3 3
10 9 1 1
18 10 4 4
11 2 3 3
13 9 3 2
17 1 1 2
1 9 4 2
7 12 4 1
12 10 1 1
12 4 1 4
5 18 4 1
8 18 3 2
18 19 1 2
18 6 2 4
9 15 4 3
5 12 3 1
8 19 4 2
19 2 1 3
8 1 3 4
5 19 3 2
5 6 3 3
18 14 4 2
10 7 3 2
9 14 3 3
10 18 1 3
15 15 3 1
19 12 4 2
17 5 4 2
1 12 4 4
2 2 1 2
5 10 4 4
6 16 1 4
19 5 4 4
3 14 3 3
6 10 3 3
10 2 2 4
9 7 4 1
8529.889766105814
8187.866228190511