13 5
2 84
19 16 2 4
1 13 1 3
4 11 2 1
9 3 1 1
6 4 4 3
10 6 1 4
18 19 1 1
12 19 1 2
17 5 4 2
2 9 4 4
11 11 3 3
1 8 3 3
12 16 3 4
5 15 1 1
8 17 1 3
12 3 2 1
12 9 1 3
3 7 3 3
18 6 3 4
19 5 3 2
6 12 4 2
1 3 4 2
2 11 2 4
1 8 3 1
8 11 1 3
3 5 3 2
8 15 2 2
12 15 1 3
12 10 1 2
16 5 2 2
16 18 2 4
4 3 3 3
13 18 4 2
3 6 2 2
1 13 1 2
9 10 4 4
5 5 4 2
11 19 1 1
7 8 1 1
2 1 2 4
7 19 4 4
5 16 3 1
17 15 2 3
1 1 3 1
18 3 1 4
14 15 4 3
12 9 3 4
2 19 1 1
6 10 3 1
2 1 4 1
16 10 2 4
18 15 3 2
11 8 3 2
15 18 2 1
1 5 3 2
2 13 4 1
13 16 3 4
2 11 2 3
8 6 4 3
12 15 4 3
13 5 4 3
15 12 2 2
17 2 4 1
17 7 4 1
16 11 4 1
7 5 2 3
18 13 4 4
8 17 1 3
7 5 1 4
2 9 4 1
10 19 1 1
4 6 1 2
11 18 1 1
13 17 4 4
15 14 3 4
11 19 2 2
16 5 3 4
10 6 2 4
4 3 4 2
4 6 1 1
13 2 1 3
2 14 2 4
9 7 4 2
17 8 3 4
0.3188798249375395
0.17731766985599506
0.00763427581699716
1.6267467344732722e-05