8 9
12 99
10 6 4 4
14 8 1 2
10 10 1 2
13 13 1 3
13 2 2 1
2 8 2 4
10 9 2 4
2 1 2 3
11 5 4 1
14 19 1 3
6 10 2 4
18 10 1 2
9 9 3 3
3 4 2 1
18 17 3 3
15 7 2 4
17 13 1 3
10 19 2 4
9 4 2 2
5 3 4 1
6 15 1 3
7 7 3 3
18 5 1 1
10 13 3 3
12 4 3 4
6 2 4 3
10 6 1 3
18 19 3 3
19 1 1 3
8 5 3 4
4 14 4 4
7 12 4 1
10 5 4 2
15 9 2 3
1 12 1 1
12 8 1 2
16 19 4 3
11 15 4 3
7 1 4 3
4 10 3 4
8 4 2 2
3 2 4 4
19 1 1 2
8 9 1 1
5 3 2 2
11 1 2 3
8 10 3 1
5 7 4 3
12 10 2 3
11 9 2 1
16 19 1 2
1 4 4 4
14 4 3 4
17 16 2 3
6 1 3 3
3 16 2 4
14 1 4 2
11 18 4 2
4 8 2 4
11 6 2 4
19 18 1 2
13 18 3 3
4 5 3 2
3 12 1 2
18 3 1 2
10 13 4 3
7 8 1 4
15 12 1 1
9 1 4 3
4 1 2 1
19 4 4 2
9 4 1 1
10 12 2 2
7 1 1 2
12 12 1 3
18 5 1 1
15 3 3 3
15 2 4 3
13 12 1 2
8 2 2 3
9 6 3 3
9 9 1 2
2 16 3 4
10 14 1 2
2 17 3 4
13 8 1 2
2 18 3 2
10 7 1 2
11 12 3 3
4 15 2 3
9 13 4 3
18 18 2 4
12 10 4 4
19 1 1 1
15 12 4 3
14 15 4 2
6 14 1 2
4 9 2 2
1 7 2 1
1724.006570490893
1386.839566339284
968.4579887152287