8 6
30 86
18 16 1 4
12 16 2 3
4 16 2 4
1 2 2 3
16 9 2 1
6 18 2 2
8 16 4 3
14 17 3 2
7 7 1 4
14 4 1 4
9 6 3 1
9 8 4 2
6 6 1 1
15 8 1 4
10 3 2 1
9 14 3 3
3 2 4 1
1 16 3 4
15 15 3 4
15 15 1 2
8 8 1 1
5 12 4 1
7 11 2 4
13 3 3 4
10 6 4 1
15 12 4 2
11 7 4 2
19 14 2 3
14 8 3 2
17 8 1 2
19 7 1 3
14 13 3 2
5 19 1 4
19 19 4 4
2 10 2 4
12 10 3 2
15 1 1 3
3 17 2 4
17 14 2 1
8 14 3 4
4 10 3 2
15 9 3 3
7 19 3 2
16 2 2 3
2 4 4 3
3 7 4 3
6 12 3 2
18 14 2 1
10 3 3 4
5 10 2 1
6 10 2 4
6 9 4 1
13 4 1 4
2 1 3 1
13 17 1 3
1 10 2 3
11 19 3 3
11 17 4 1
10 5 1 2
3 14 4 1
2 6 2 2
5 8 3 3
1 16 1 2
11 15 3 2
8 7 3 4
6 5 4 2
12 13 4 4
18 17 3 3
3 12 2 4
19 19 2 2
11 5 2 4
2 17 3 4
2 7 2 3
9 16 3 4
16 17 2 1
6 8 1 4
10 5 1 3
18 2 2 1
9 18 3 1
5 13 2 1
18 16 2 1
13 7 1 4
16 4 1 1
16 8 4 1
14 3 1 3
18 11 1 4
5138.616996706888
4526.047010257552
4232.239812310474
4159.47258594104
4065.40397014045